image_width: 1280
image_height: 720
camera_matrix:
- 800.42160534135
- 0.0
- 634.7314271178607
- 0.0
- 799.3616944008836
- 359.35795282970446
- 0.0
- 0.0
- 1.0
distortion_coefficients:
- -0.39288153470948906
- 0.19253692496134964
- 3.774584260854801e-05
- 0.00029036510763634244
- -0.054668040079565244
distortion_model: plumb_bob
rms: 0.6890358794926611
